160 0
2 10
2 5
8 13
5 13
16 18
18 0
5 5
0 14
14 19
4 1
12 19
11 13
0 12
1 6
5 2
9 4
11 14
3 14
18 13
6 16
12 12
16 17
6 1
11 16
10 6
1 0
1 9
2 9
13 19
3 11
10 13
1 10
2 3
16 12
9 0
9 2
10 17
6 5
7 12
16 15
3 12
0 0
19 8
9 6
1 5
8 14
3 6
1 11
13 18
19 15
6 3
3 16
6 11
7 4
1 4
16 16
15 18
14 18
5 8
3 3
15 19
12 9
11 1
2 1
3 4
7 14
9 15
4 2
15 8
18 2
1 13
4 12
12 0
5 4
10 16
18 18
19 10
7 13
5 11
7 5
11 17
11 10
12 2
9 5
17 17
3 7
4 5
13 15
5 16
7 19
1 12
0 5
4 4
8 3
17 19
16 8
7 17
3 5
0 7
9 17
5 19
14 8
8 4
4 3
6 15
4 6
17 16
15 9
14 17
10 4
3 0
4 14
2 15
12 14
6 18
17 14
2 4
5 6
14 14
10 9
2 6
5 0
9 19
1 1
6 13
11 15
10 12
16 19
18 15
5 1
9 1
5 7
2 2
13 17
17 3
2 12
13 14
10 18
5 14
12 13
6 6
6 0
9 16
0 6
1 15
18 19
13 10
12 16
6 17
12 4
8 0
5 12
6 2
12 18
17 11
0 15
4 15
15 14
14 11
11 2
15 5
13 1
18 2
18 15
8 11
15 1
15 17
7 11
18 18
13 8
14 6
6 13
16 13
14 1
16 18
13 5
19 5
19 16
10 16
14 5
13 2
15 14
19 0
12 18
17 14
14 8
19 7
5 11
16 6
17 18
13 13
16 4
15 6
12 4
14 14
19 11
8 13
13 7
10 0
14 11
13 18
18 3
9 15
18 16
13 9
16 5
14 10
7 12
11 14
8 6
14 7
17 11
19 15
15 18
16 7
15 3
4 13
18 10
17 10
14 9
14 2
2 16
14 17
15 2
17 4
12 17
8 5
12 8
5 13
12 2
4 8
19 9
18 19
13 12
15 8
17 13
13 19
17 15
19 12
11 5
11 8
13 17
16 19
18 6
8 3
18 13
11 4
14 16
15 19
19 2
3 11
18 5
17 16
19 3
16 12
2 11
14 4
15 7
14 13
17 8
14 18
7 19
18 14
13 4
15 12
12 1
9 7
11 19
19 10
19 18
17 7
18 8
5 8
12 7
17 19
9 19
17 3
16 11
8 8
10 13
16 14
17 9
10 4
12 3
19 8
16 15
4 15
15 11
9 0
16 16
16 2
14 12
16 3
8 16
14 0
7 8
14 3
12 19
15 13
5 19
19 17
17 5
11 3
19 1
19 14
13 11
5 17
10 5
15 15
15 16
16 10
13 3
16 9
10 8
3 13
6 8
17 6
10 7
11 17
16 17
