80 0
3 6
9 2
16 13
3 2
4 19
6 11
16 5
7 13
0 6
16 18
1 15
13 5
4 15
14 6
0 7
1 8
9 11
8 17
3 16
8 13
19 16
16 7
13 18
11 16
10 15
6 10
13 0
3 15
18 4
13 4
10 10
4 12
16 8
3 19
13 3
7 7
9 14
1 13
7 12
14 10
7 9
0 4
5 2
7 19
7 5
18 13
4 3
19 15
10 0
11 8
6 14
5 1
14 14
10 19
11 15
15 12
15 14
3 7
1 16
2 15
3 17
1 19
17 19
19 8
8 10
18 12
8 6
0 5
3 13
6 0
8 9
0 11
8 11
15 1
2 1
11 3
12 9
10 6
15 2
7 1
5 19
16 6
5 3
18 17
2 6
9 19
0 14
1 3
16 11
16 7
6 5
1 5
11 6
11 10
5 15
8 11
1 15
12 16
13 17
9 13
7 13
8 6
9 5
18 3
6 7
19 19
19 7
3 18
9 15
13 19
17 17
4 19
10 17
4 11
8 1
12 8
7 18
6 1
16 5
5 12
3 7
10 9
1 17
12 18
14 2
12 12
19 12
14 9
11 9
15 12
4 16
5 4
13 4
6 0
18 10
15 16
2 16
11 0
17 18
5 1
3 4
4 1
14 5
2 13
19 15
10 1
10 14
11 19
18 6
13 9
15 1
1 7
14 1
2 10
9 4
8 4
3 10
6 16
6 6
17 19
